[ 0.39510953 -0.26961102  0.32918378]
[-0.81962575 -0.12472942 -1.10228391]
[-0.03438733  0.02615141 -0.24013696]
[ 0.04107016 -0.76198133 -0.78181572]
[ 0.02418525 -0.02701985 -0.18303499]
[-0.03705887 -1.68870422 -1.70783939]
[ 0.08200271  0.11993081 -0.1704161 ]
[ 0.05930316 -0.56042551 -0.58056593]
[-0.14851162 -0.06271336 -0.36788936]
[ 0.10810437 -0.01636625  0.09082208]
[-0.02401532 -0.09726087 -0.24765294]
[0.0459729  0.0288958  0.05260419]
[ 0.48080133 -0.35685875  0.4506539 ]
[ 0.10893288 -0.01907316  0.08966469]
[ 0.08789675  0.11245091 -0.16144274]
[0.11072108 0.09770004 0.12979362]
[ 0.08321787  0.11775176 -0.16859147]
[0.07375559 0.05571457 0.09160044]
[ 0.08574322  0.11627119 -0.16480302]
[0.10168999 0.0971763  0.12142049]
[ 0.49598601 -0.37540851  0.47461762]
[0.07173655 0.05584057 0.09075007]
[ 0.02164173 -0.02729536 -0.18404623]
[0.11357109 0.10114867 0.12943627]
[-0.07341038 -0.15207805 -0.31646746]
[0.11118686 0.09817561 0.12895011]
[ 0.08849066 -0.06721786 -0.13380697]
[0.07328808 0.06032485 0.08899239]
[ 0.08862016  0.11264413 -0.16036946]
[0.04621205 0.02994315 0.05235154]
[ 0.0233174  -0.02783431 -0.18317703]
[0.11015775 0.09933944 0.12706819]
[ 0.32146843 -0.19717126  0.22900841]
[0.11249874 0.10164458 0.13153964]
[-0.12637183 -0.20473535 -0.38888122]
[0.10106064 0.09510589 0.1202242 ]
[ 0.08812522 -0.0644815  -0.13256364]
[ 0.08897232  0.084099   -0.14270381]
[-0.02577165 -0.09400598 -0.24799652]
[ 0.10858873 -0.02417865  0.09100292]
[ 0.08439493  0.11774785 -0.16675286]
[0.11163581 0.09547681 0.1266549 ]
[-0.17343575 -0.25170061 -0.45395024]
[0.11102282 0.09547432 0.12688259]
[-0.12565774 -0.20134893 -0.386313  ]
[0.10889687 0.09541334 0.12504799]
[ 0.08982654  0.11132405 -0.15871558]
[0.11017304 0.09931813 0.13050598]
[ 0.08749468  0.11439219 -0.16195404]
[0.11118686 0.09817561 0.12895011]
[-0.27700956 -0.34426503 -0.59170232]
[0.11251779 0.09995381 0.13026727]
[ 0.09131899 -0.06661227 -0.13090278]
[0.11173656 0.09714472 0.12849296]
[-0.1747885  -0.25304106 -0.45667973]
[0.11186083 0.09933022 0.12936018]
[-0.17999356 -0.2489546  -0.45789208]
[0.11064716 0.09715424 0.12941802]
[ 0.25945611 -0.14806369  0.1552592 ]
[0.11301664 0.09999106 0.12995253]
[ 0.08451264 -0.14518107 -0.1899817 ]
[ 0.11129819 -0.01451667  0.08719223]
[ 0.08895236 -0.06633053 -0.13295505]
[0.11130752 0.09998985 0.13107877]
[-0.02428087 -0.09608343 -0.24743096]
[0.1068553  0.10113719 0.13148846]
[-0.23364501 -0.05685903 -0.45630795]
[ 0.08470223  0.09117498 -0.14953782]
[-0.31066251 -0.05142674 -0.53434073]
[0.1133342  0.09752571 0.12770377]
[-0.38408905 -0.05114606 -0.61084961]
[0.1060904  0.09710144 0.12563339]
[ 0.02253855 -0.02604083 -0.18366148]
[0.10946163 0.09656716 0.12964704]
[-0.0265298  -0.09457014 -0.24891353]
[0.11122452 0.09866712 0.13016767]
[ 0.02259608 -0.02861642 -0.1840169 ]
[ 0.1090768  -0.02207931  0.09104729]
[ 0.02142163 -0.03023151 -0.18457878]
[0.11104767 0.09537365 0.12783877]
[-0.38190263 -0.0529538  -0.61006559]
[0.11110797 0.09652151 0.12846018]
[ 0.10728029 -0.01284147  0.09022428]
[0.11216155 0.09648531 0.12702786]
[-0.1863255  -0.24237983 -0.45950222]
[0.11228664 0.09648814 0.12695337]
[ 0.08587638  0.11578665 -0.16533773]
[0.11063328 0.09883578 0.12963831]
[ 0.08747331 -0.06683655 -0.13448543]
[0.11239689 0.09995404 0.13035042]
[-0.02402538 -0.09577324 -0.24707372]
[0.11463361 0.10220128 0.12972597]
[ 0.08900584 -0.06529086 -0.1322067 ]
[0.1102217  0.09997925 0.13182568]
[-0.07794081 -0.14928221 -0.31892732]
[0.10908708 0.09936663 0.12781121]
