[-1.52867358  0.11842755 -1.53411312]
[-1.59642124  0.16601689 -1.60588943]
[-0.25808738  0.11118407 -0.28118966]
[0.03674789 0.10081048 0.09891338]
[0.04451175 0.10131057 0.10482645]
[-0.31838527  0.22146523 -0.3880084 ]
[-0.03171879  0.10387246 -0.10963679]
[-0.18521655  0.11467577 -0.21801377]
[-1.097138    0.16542491 -1.15318129]
[0.02975652 0.09755972 0.10119665]
[-0.59579038  0.10467669 -0.6050872 ]
[0.12646431 0.09442424 0.11524188]
[0.12724215 0.09568589 0.1165985 ]
[-0.25463877  0.1042327  -0.27617604]
[0.12922831 0.09744481 0.11685966]
[-0.32633708  0.10909711 -0.34494855]
[0.03687569 0.0976139  0.06896197]
[0.08705186 0.05261601 0.10158159]
[-0.32094791  0.11620351 -0.34150569]
[0.02614677 0.09839834 0.06986773]
[0.12739438 0.09679367 0.11739052]
[-0.04229387  0.13444957 -0.14111946]
[-1.9853643   0.15296041 -1.99210703]
[0.08923974 0.04967408 0.10127873]
[-1.19062131  0.113345   -1.19617609]
[-0.11904145  0.1040084  -0.15825022]
[-0.25457272  0.10919139 -0.27785398]
[-0.43455073  0.11256597  0.44195862]
[-0.85971132  0.11933772 -0.86812619]
[-0.53528119  0.11030163 -0.54755631]
[0.03423578 0.09689179 0.10265739]
[-1.52647213  0.11182818 -1.5307347 ]
[0.03540983 0.0964242  0.10106333]
[-0.46133257  0.1068949  -0.47372673]
[-0.46095513  0.10202278 -0.4738296 ]
[0.02747397 0.09766332 0.10048061]
[0.04927492 0.10084914 0.10969904]
[0.12710206 0.09818301 0.11887697]
[-1.45735974  0.10627425 -1.46311958]
[0.08701654 0.05310797 0.10114036]
[0.04756566 0.09875105 0.10945882]
[0.04501742 0.0986732  0.10829589]
[0.04758406 0.09912834 0.10981974]
[-0.32432733  0.1014698  -0.33999858]
[-1.91442731  0.20556432 -1.92646298]
[0.08038686 0.12782035 0.10719252]
[0.08135942 0.12945881 0.104983  ]
[0.08635301 0.05055527 0.05386817]
[0.12482267 0.09394582 0.11671488]
[0.12512182 0.09628287 0.1185353 ]
[-0.18979054  0.17747932 -0.26002093]
[0.08455254 0.05321113 0.09893047]
[0.08499557 0.05262143 0.09900013]
[0.03877071 0.10118495 0.09928456]
[0.03468582 0.09725224 0.10142019]
[-0.18793903  0.09816731 -0.21890772]
