[1.15893205 0.21841752 0.11612857]
[ 0.0132146   0.22426002 -1.01624353]
[1.22027306 0.17892287 0.1866195 ]
[ 0.7341124   0.4203516  -0.33160232]
[-0.00725449  0.20596595 -1.03153387]
[ 0.37178008  0.35523164 -0.72513827]
[ 0.7634062   0.29211332 -0.34117148]
[1.24162898 0.1915458  0.20996212]
[1.21778458 0.18394749 0.1836475 ]
[1.98560015 0.06778146 0.97761898]
[1.47441333 0.14709637 0.4535983 ]
[ 0.85226654  0.26753653 -0.22913701]
[-0.09639996  0.39501284 -1.16813665]
[ 0.01370275  0.39540577 -1.06621245]
[ 0.9597236   0.26526455 -0.10124701]
[1.2654309  0.18774609 0.23425028]
[ 0.83118588  0.27322125 -0.25344345]
[-0.11072324  0.38856128 -1.18188146]
[1.32756918 0.16361533 0.30024717]
[ 0.04778678  0.40142525 -1.03611849]
[ 0.24522287  0.38090008 -0.84905098]
[-0.15587451  0.40175584 -1.22800115]
[1.24078154 0.19811579 0.2088757 ]
[1.78024384 0.00853749 0.77722752]
[-0.07368812  0.47603203 -1.17809227]
[ 0.5039198   0.49674178 -0.68310117]
[1.1928854  0.19370762 0.15784553]
[ 0.75608278  0.29576919 -0.36413531]
[ 0.08457699  0.08932555 -0.92320724]
[-0.10528259  0.38688525 -1.17447433]
[ 0.00296581  0.32594172 -1.0517082 ]
[1.26694885 0.27298213 0.24235547]
[1.09084511 0.0469162  0.07202439]
[1.2591542  0.16873063 0.22738276]
[ 0.1252648   0.41117778 -0.9717102 ]
[1.26147938 0.1760128  0.23027924]
[ 0.12453485  0.38472787 -0.95884844]
[1.41698527 0.13211636 0.39578173]
[ 0.85628732  0.29278076 -0.22067496]
[ 0.74035684  0.29015027 -0.37140798]
[1.36149995 0.16407106 0.33573103]
[ 0.75151637  0.29330073 -0.35547253]
[1.16435266 0.22330545 0.12713035]
[1.62086347 0.12991113 0.63241806]
[ 0.91250354  0.25658169 -0.15615382]
[ 0.83096745  0.26860571 -0.25624802]
