[0.10375363 0.05728823 0.10857096]
[0.17095811 0.02778936 0.03697603]
[0.17534721 0.03512739 0.03948301]
[0.10382528 0.10306826 0.13668161]
[0.28897705 0.20623761 0.22100338]
[0.06164559 0.10312271 0.11379643]
[0.30178851 0.20921841 0.22924146]
[0.10111384 0.10597785 0.13789269]
[0.10513059 0.0581631  0.04989829]
[0.10271505 0.10320805 0.14010841]
[0.10421407 0.05664158 0.05420515]
[0.09995521 0.10751947 0.13532042]
[ 0.00194134  0.09027069 -0.22192187]
[0.09949899 0.10217708 0.13420192]
[0.17614286 0.03936604 0.04252061]
[0.10640271 0.10640271 0.14085144]
[0.10523618 0.06159245 0.10959454]
[0.06237652 0.09736135 0.11463517]
[0.29945328 0.21226948 0.23080621]
[0.05757867 0.1017707  0.11284445]
[0.2084524  0.10416959 0.09609186]
[0.05833793 0.09949022 0.11451868]
[0.0958271  0.14950688 0.10576189]
[0.10333737 0.10258637 0.13838876]
[0.11030814 0.15174081 0.11440174]
[0.09759677 0.1043222  0.13409704]
[0.1079662  0.05863824 0.10570134]
[0.05816248 0.10565192 0.10982502]
[0.1036005  0.05420078 0.10787057]
[0.1021029  0.10593041 0.13870503]
[0.10410034 0.05652078 0.05164972]
[0.0999714  0.10439979 0.13818802]
[0.09939529 0.14767473 0.1097994 ]
[0.10338555 0.09888858 0.13550503]
[ 0.1090723  -0.18174302  0.19976887]
[0.09744441 0.09941641 0.13833682]
[0.05711523 0.10394983 0.110716  ]
[0.10374747 0.05676245 0.1083058 ]
[0.10351415 0.09996562 0.13723011]
[ 0.10104536 -0.21417959  0.2282148 ]
[0.0725394  0.07598817 0.1048795 ]
[0.17129002 0.03046746 0.03842945]
[0.10279997 0.09996563 0.13669794]
[0.31481832 0.2205576  0.24607579]
[0.10209165 0.10270773 0.14000121]
[0.10286562 0.05748049 0.10943836]
[0.09950163 0.10217762 0.13506398]
[0.17192033 0.03106951 0.03844987]
[0.10596016 0.1042424  0.09590442]
[0.17429207 0.03736144 0.04183112]
[0.1051126  0.10060605 0.13553648]
[ 0.10797948 -0.26175255  0.27403543]
[0.02887403 0.08171914 0.08568105]
[0.17221606 0.03447715 0.04007315]
[0.10294373 0.09875875 0.13766571]
[ 0.11041777 -0.26937295  0.28114878]
[0.10576996 0.10738233 0.13957626]
[ 0.1109692  -0.28646801  0.29655399]
[0.10051213 0.07030155 0.12164237]
[0.17229918 0.03348282 0.04013694]
[0.0647819  0.09865013 0.1178857 ]
[ 0.00182395  0.08689069 -0.22067052]
[0.1057352  0.10110533 0.1356462 ]
[0.17229803 0.03095329 0.03794164]
[0.06166817 0.10039691 0.11611624]
[0.10542086 0.05339266 0.05479282]
[0.02678408 0.07717844 0.08000745]
[0.10324993 0.05673468 0.10872383]
[0.10279997 0.09996563 0.13669794]
[0.17508239 0.03791632 0.04203332]
[0.06085177 0.10753514 0.10968502]
[ 0.00312695  0.08365473 -0.21728781]
[0.1037049  0.1037049  0.13961445]
[0.10514169 0.05747996 0.10749914]
[0.10484657 0.10359078 0.13811059]
[ 0.00132902  0.0854536  -0.21969938]
[0.10507384 0.09871272 0.13420272]
[0.10521442 0.06042642 0.10897846]
[0.10404045 0.10000761 0.09566898]
[ 0.00216748  0.08435329 -0.21865572]
[0.06356663 0.1008823  0.11518656]
[0.17630741 0.04085893 0.04387144]
[0.06039956 0.09898468 0.1116798 ]
[0.17549818 0.03780416 0.04172904]
[0.09946582 0.10326072 0.13618235]
[0.17350815 0.03409992 0.0397248 ]
[0.0580387  0.10396329 0.11118042]
[ 0.00331338  0.08741516 -0.2185872 ]
[0.10430804 0.10260269 0.13755515]
[0.10327477 0.05844443 0.10958244]
[0.06376209 0.0986551  0.11733621]
[0.1041594  0.05245791 0.1066953 ]
[0.06799044 0.09999626 0.12005808]
[0.17501824 0.03541526 0.03973331]
[0.10339212 0.0993804  0.13584739]
[0.10415663 0.05760077 0.10838425]
[0.06753178 0.0994555  0.11769005]
[0.10366074 0.05770554 0.10869426]
[0.06756061 0.09947269 0.12007172]
[0.10762228 0.06338147 0.10946695]
[0.10118306 0.09776089 0.1338633 ]
