[-0.96544202  1.02688683  0.96306728]
[-0.03100758  0.28704511 -0.71448768]
[-0.72525684  0.84915863  0.73974737]
[-0.85958033  0.89250201  0.8652452 ]
[-0.85958033  0.89250201  0.8652452 ]
[-1.48597012  1.08858713  1.48757746]
[ 0.97655133  0.04360914 -1.36790215]
[-0.8380482   0.89632915  0.84340523]
[-0.76219707  0.88226995  0.76762759]
[-0.95786799  0.9247755   0.95978608]
[-0.78792401  0.84452215  0.79538542]
[-0.78998932  0.85905047  0.80143369]
[-0.7943855   1.05648545  0.79536022]
[-0.79383582  0.8704215   0.79678172]
[-0.73718288  0.84211307  0.75287018]
[-0.85098586  0.89756844  0.85609768]
[-0.80842637  0.88994126  0.81313448]
[-25.88825679  11.42198982  27.90373328]
[-2.59870067  1.65929619  2.6799981 ]
[ 0.19485479  0.20640419 -0.8051701 ]
[-0.38882206  0.82389546  0.42581261]
[-1.03892755  0.95005309  1.03909648]
[ 0.0862573   0.19056306 -0.81676981]
[-0.81991071  0.87016345  0.82909622]
[-0.98034697  1.00878867  0.98021455]
[-0.71705021  0.83476021  0.73481222]
[-0.43762985  1.07365705  0.44275535]
[-1.01445298  0.93103454  1.01249855]
[-5.33957068  1.73664812  5.38911432]
[-0.8308703   0.8653007   0.83484458]
[-0.4479541   0.82560251  0.47967707]
[-0.79192798  0.86899607  0.80165949]
[-0.76223853  0.85064933  0.77587644]
[-0.44499099  0.83422254  0.47383665]
[-0.87737456  0.91444003  0.87895909]
[-0.8595776   0.89250135  0.85940054]
[-0.79148255  0.8703653   0.79945121]
[-0.8129698   0.86278877  0.81776632]
[-0.59510359  0.84724227  0.61336569]
[ 1.03572101  0.05228844 -1.4049095 ]
[-9.35644322  4.186085    9.88300506]
