[1.66095935 4.47687249 3.85237699]
[1.25083302 2.67053647 2.08589873]
[ 0.19128331 -0.6454574  -1.65756922]
[1.69511613 4.04638985 3.47937295]
[1.0233931  2.24658074 1.61199465]
[ 0.38826293 -0.59137493 -1.66832746]
[1.07003413 2.35772342 1.72354013]
[1.06089691 2.37462952 1.73279855]
[0.99472683 2.24321052 1.59115466]
[1.04962824 2.43211396 1.77454444]
[ 0.20863126 -1.3219389  -2.34330344]
[1.09858274 2.49700401 1.83743735]
[1.05344877 2.26197599 1.64130154]
[1.04437576 2.32502059 1.68609701]
[1.11170155 2.57061298 1.92338238]
[1.05042062 2.35991618 1.71732755]
[0.84341135 1.94246708 1.25942133]
[0.8735035  2.01376704 1.33715159]
[ 0.27734596 -0.13185644 -1.627884  ]
[ 0.20896868 -0.49403091 -1.50960505]
[ 0.15511938 -0.97884803 -1.99414015]
[1.04215371 2.26152251 1.63528304]
[1.02920764 2.24216961 1.61211931]
[1.13080234 2.44474009 1.83380376]
[1.06540095 2.32060535 1.6959254 ]
[ 0.37390544 -0.70433043 -1.77543782]
[1.05618533 2.26628688 1.64292834]
[1.06092569 2.97618887 2.24193269]
[ 0.08374088 -0.89433551 -1.89704453]
[1.07975116 2.46596926 1.8196638 ]
[1.04575982 2.2510987  1.62544697]
[1.08304227 2.39029653 1.76149864]
[ 0.08835977  0.04461032 -0.96049785]
[1.33651581 2.79620208 2.23802824]
[1.06357791 2.2829492  1.66562118]
[0.99364338 2.17380214 1.5325743 ]
[ 0.39045819 -0.67672594 -1.75456301]
