[1.19221936 1.25972435 1.21915075]
[1.07192303 1.13439478 1.07516053]
[0.82134832 0.91879799 0.82449344]
[1.38996488 1.3337761  1.38703855]
[1.00191264 0.95811243 0.9546779 ]
[0.90042846 1.01299386 0.89949147]
[1.01077611 0.91259392 0.91008054]
[0.84626819 0.89870531 0.85127801]
[0.99821999 0.97532729 0.97275075]
[0.97068273 1.00947864 0.97055722]
[0.80639912 0.98700826 0.79877175]
[1.06836597 1.11121322 1.07310807]
[1.04026261 0.97747785 0.97143446]
[0.99362156 0.98326063 0.98139145]
[1.01731655 0.98768666 0.98611953]
[0.67240263 0.88313069 0.68145271]
[1.83638883 1.66771774 1.86140238]
[1.27170698 1.46416544 1.34689481]
[1.1739558  1.73675404 1.38496291]
[1.00325291 1.1920912  1.02044614]
[0.99908399 0.97852425 0.97594717]
[1.30756596 1.52509048 1.40648221]
[1.02642368 0.94766369 0.94459559]
[0.98836684 0.96652556 0.96315994]
[1.11507151 1.25912408 1.14375279]